0000001
1000000
0100000
0010000
0001000
0000100
0000010
1000001
1100000
0110000
0011000
0001100
0000110
1000011
0100001
1010000
0101000
0010100
0001010
1000101
1100010
1110001
1111000
0111100
0011110
1001111
0100111
0010011
0001001
1000100
0100010
1010001
1101000
0110100
0011010
1001101
1100110
1110011
0111001
1011100
0101110
1010111
0101011
0010101
1001010
1100101
1110010
1111001
1111100
0111110
1011111
0101111
0010111
0001011
0000101
1000010
1100001
1110000
0111000
0011100
0001110
1000111
0100011
0010001
1001000
0100100
0010010
1001001
1100100
0110010
1011001
1101100
0110110
1011011
0101101
1010110
1101011
0110101
1011010
1101101
1110110
1111011
0111101
1011110
1101111
0110111
0011011
0001101
1000110
1100011
0110001
1011000
0101100
0010110
1001011
0100101
1010010
1101001
1110100
0111010
1011101
1101110
1110111
0111011
0011101
1001110
1100111
0110011
0011001
1001100
0100110
1010011
0101001
1010100
0101010
1010101
1101010
1110101
1111010
1111101
1111110
1111111
0111111
0011111
0001111
0000111
0000011
0000001
1000000